tensor([[[[0.6078, 0.6118, 0.6353,  ..., 0.0000, 0.0000, 0.0000],
          [0.6157, 0.6275, 0.6353,  ..., 0.0000, 0.0000, 0.0000],
          [0.6549, 0.6431, 0.6275,  ..., 0.0000, 0.0000, 0.0000],
          ...,
          [0.0000, 0.0000, 0.0000,  ..., 0.0000, 0.0000, 0.0000],
          [0.0000, 0.0000, 0.0000,  ..., 0.0000, 0.0000, 0.0000],
          [0.0000, 0.0000, 0.0000,  ..., 0.0000, 0.0000, 0.0000]],

         [[0.4078, 0.4118, 0.4431,  ..., 0.0000, 0.0000, 0.0000],
          [0.4275, 0.4392, 0.4510,  ..., 0.0000, 0.0000, 0.0000],
          [0.4784, 0.4667, 0.4627,  ..., 0.0000, 0.0000, 0.0000],
          ...,
          [0.0000, 0.0000, 0.0000,  ..., 0.0000, 0.0000, 0.0000],
          [0.0000, 0.0000, 0.0000,  ..., 0.0000, 0.0000, 0.0000],
          [0.0000, 0.0000, 0.0000,  ..., 0.0000, 0.0000, 0.0000]],

         [[0.3333, 0.3373, 0.3765,  ..., 0.0000, 0.0000, 0.0000],
          [0.3490, 0.3608, 0.3804,  ..., 0.0000, 0.0000, 0.0000],
          [0.3882, 0.3765, 0.3765,  ..., 0.0000, 0.0000, 0.0000],
          ...,
          [0.0000, 0.0000, 0.0000,  ..., 0.0000, 0.0000, 0.0000],
          [0.0000, 0.0000, 0.0000,  ..., 0.0000, 0.0000, 0.0000],
          [0.0000, 0.0000, 0.0000,  ..., 0.0000, 0.0000, 0.0000]]],


        [[[0.7020, 0.6863, 0.6667,  ..., 0.0000, 0.0000, 0.0000],
          [0.7255, 0.7137, 0.6902,  ..., 0.0000, 0.0000, 0.0000],
          [0.7451, 0.7373, 0.7216,  ..., 0.0000, 0.0000, 0.0000],
          ...,
          [0.0000, 0.0000, 0.0000,  ..., 0.0000, 0.0000, 0.0000],
          [0.0000, 0.0000, 0.0000,  ..., 0.0000, 0.0000, 0.0000],
          [0.0000, 0.0000, 0.0000,  ..., 0.0000, 0.0000, 0.0000]],

         [[0.5529, 0.5294, 0.5176,  ..., 0.0000, 0.0000, 0.0000],
          [0.5686, 0.5569, 0.5333,  ..., 0.0000, 0.0000, 0.0000],
          [0.5725, 0.5647, 0.5529,  ..., 0.0000, 0.0000, 0.0000],
          ...,
          [0.0000, 0.0000, 0.0000,  ..., 0.0000, 0.0000, 0.0000],
          [0.0000, 0.0000, 0.0000,  ..., 0.0000, 0.0000, 0.0000],
          [0.0000, 0.0000, 0.0000,  ..., 0.0000, 0.0000, 0.0000]],

         [[0.5098, 0.4980, 0.4824,  ..., 0.0000, 0.0000, 0.0000],
          [0.5294, 0.5176, 0.5020,  ..., 0.0000, 0.0000, 0.0000],
          [0.5294, 0.5294, 0.5176,  ..., 0.0000, 0.0000, 0.0000],
          ...,
          [0.0000, 0.0000, 0.0000,  ..., 0.0000, 0.0000, 0.0000],
          [0.0000, 0.0000, 0.0000,  ..., 0.0000, 0.0000, 0.0000],
          [0.0000, 0.0000, 0.0000,  ..., 0.0000, 0.0000, 0.0000]]]])
